exec_time,NUM_UAVS,MODE,ALWAYS_COMMUNICATION,total_iter,total_cov_area,average_inst_cov_area,mission_time,max_coverage_ratio
198220.4,2,unique,False,999,99.08,6.04,199.8,99
198309.14,2,unique,False,813,99.0,6.09,162.60000000000002,99
198404.99,2,unique,False,812,99.04,6.08,162.4,99
198458.24,2,unique,False,482,99.04,5.99,96.4,99
198596.92,2,unique,False,994,99.0,6.04,198.8,99
198656.18,2,unique,False,529,99.0,5.99,105.80000000000001,99
198708.05,2,unique,False,487,99.0,6.03,97.4,99
198795.05,2,unique,False,779,99.0,6.05,155.8,99
198833.64,2,unique,False,438,99.0,5.8,87.60000000000001,99
198886.88,2,unique,False,476,99.0,6.01,95.2,99
198919.81,2,unique,False,322,97.0,5.94,64.4,97
198951.58,2,unique,False,290,97.2,6.0,58.0,97
198996.18,2,unique,False,440,97.08,5.8,88.0,97
199030.55,2,unique,False,387,97.0,5.95,77.4,97
199068.06,2,unique,False,466,97.04,5.83,93.2,97
199097.8,2,unique,False,304,97.0,6.04,60.800000000000004,97
199128.32,2,unique,False,305,97.04,5.99,61.0,97
199157.02,2,unique,False,314,97.0,5.95,62.800000000000004,97
199187.2,2,unique,False,324,97.2,5.92,64.8,97
199234.53,2,unique,False,449,97.0,5.91,89.80000000000001,97
199270.9,2,unique,False,313,95.0,5.94,62.6,95
199300.52,2,unique,False,306,95.0,6.03,61.2,95
199332.14,2,unique,False,344,95.16,6.08,68.8,95
199367.57,2,unique,False,406,95.0,5.76,81.2,95
199411.28,2,unique,False,414,95.0,5.78,82.80000000000001,95
199443.86,2,unique,False,310,95.12,6.0,62.0,95
199479.7,2,unique,False,410,95.0,5.77,82.0,95
199509.41,2,unique,False,318,95.0,6.0,63.6,95
199547.79,2,unique,False,459,95.12,5.82,91.80000000000001,95
199579.44,2,unique,False,321,95.2,5.97,64.2,95
199618.03,2,unique,False,383,90.04,5.74,76.60000000000001,90
199648.76,2,unique,False,270,90.04,5.97,54.0,90
199670.58,2,unique,False,251,90.28,5.91,50.2,90
199703.83,2,unique,False,373,90.12,5.7,74.60000000000001,90
199729.51,2,unique,False,269,90.0,5.98,53.800000000000004,90
199758.17,2,unique,False,281,90.16,5.97,56.2,90
199784.05,2,unique,False,271,90.08,6.0,54.2,90
199809.97,2,unique,False,275,90.0,5.93,55.0,90
199841.82,2,unique,False,366,90.04,5.72,73.2,90
199872.39,2,unique,False,275,90.0,5.98,55.0,90
199952.26,3,unique,False,478,99.0,9.0,95.60000000000001,99
200017.2,3,unique,False,417,99.04,8.63,83.4,99
200078.07,3,unique,False,358,99.04,8.95,71.60000000000001,99
200208.97,3,unique,False,685,99.0,9.04,137.0,99
200260.2,3,unique,False,385,99.08,8.56,77.0,99
200307.81,3,unique,False,397,99.0,8.59,79.4,99
200341.66,3,unique,False,219,99.08,8.81,43.800000000000004,99
200393.41,3,unique,False,376,99.0,8.54,75.2,99
200438.39,3,unique,False,327,99.04,8.67,65.4,99
200510.63,3,unique,False,420,99.0,8.83,84.0,99
200553.25,3,unique,False,280,97.04,8.89,56.0,97
200581.88,3,unique,False,190,97.16,8.87,38.0,97
200619.8,3,unique,False,259,97.04,8.9,51.800000000000004,97
200659.34,3,unique,False,214,97.28,8.81,42.800000000000004,97
200698.4,3,unique,False,236,97.12,8.9,47.2,97
200731.62,3,unique,False,228,97.16,8.98,45.6,97
200764.56,3,unique,False,213,97.28,8.83,42.6,97
200820.96,3,unique,False,379,97.16,8.53,75.8,97
200853.9,3,unique,False,223,97.4,8.88,44.6,97
200893.76,3,unique,False,208,97.04,8.98,41.6,97
200921.4,3,unique,False,194,95.28,8.85,38.800000000000004,95
200967.75,3,unique,False,358,95.16,8.52,71.60000000000001,95
201000.99,3,unique,False,232,95.08,8.75,46.400000000000006,95
201040.2,3,unique,False,203,95.04,8.92,40.6,95
201084.18,3,unique,False,296,95.04,8.72,59.2,95
201122.57,3,unique,False,215,95.04,8.98,43.0,95
201152.4,3,unique,False,198,95.04,8.81,39.6,95
201189.73,3,unique,False,209,95.04,8.88,41.800000000000004,95
201244.77,3,unique,False,369,95.24,8.49,73.8,95
201274.25,3,unique,False,207,95.12,8.93,41.400000000000006,95
201302.14,3,unique,False,195,90.04,8.83,39.0,90
201336.66,3,unique,False,231,90.16,8.97,46.2,90
201371.75,3,unique,False,195,90.4,8.84,39.0,90
201405.83,3,unique,False,185,90.0,8.91,37.0,90
201436.3,3,unique,False,195,90.16,8.91,39.0,90
201462.95,3,unique,False,184,90.12,8.84,36.800000000000004,90
201491.66,3,unique,False,188,90.16,8.95,37.6,90
201521.59,3,unique,False,194,90.08,8.95,38.800000000000004,90
201565.55,3,unique,False,335,90.24,8.44,67.0,90
201616.9,3,unique,False,344,90.16,8.44,68.8,90
201679.11,4,unique,False,357,99.04,11.29,71.4,99
201732.88,4,unique,False,222,99.0,11.7,44.400000000000006,99
201816.27,4,unique,False,289,99.0,11.62,57.800000000000004,99
201878.31,4,unique,False,374,99.0,11.35,74.8,99
201934.8,4,unique,False,202,99.0,11.57,40.400000000000006,99
201997.09,4,unique,False,361,99.0,11.28,72.2,99
202095.9,4,unique,False,405,99.0,11.69,81.0,99
202185.38,4,unique,False,379,99.04,11.79,75.8,99
202264.67,4,unique,False,280,99.0,11.77,56.0,99
202331.8,4,unique,False,375,99.04,11.32,75.0,99
202380.65,4,unique,False,199,97.08,11.7,39.800000000000004,97
202440.92,4,unique,False,355,97.0,11.26,71.0,97
202487.86,4,unique,False,176,97.12,11.66,35.2,97
202543.15,4,unique,False,302,97.0,11.4,60.400000000000006,97
202600.98,4,unique,False,353,97.0,11.29,70.60000000000001,97
202664.91,4,unique,False,360,97.04,11.27,72.0,97
202721.26,4,unique,False,205,97.04,11.91,41.0,97
202779.42,4,unique,False,342,97.04,11.22,68.4,97
202850.18,4,unique,False,396,97.0,11.31,79.2,97
202904.78,4,unique,False,337,97.08,11.22,67.4,97
202965.52,4,unique,False,340,95.0,11.21,68.0,95
203020.59,4,unique,False,330,95.08,11.2,66.0,95
203055.53,4,unique,False,158,95.16,11.73,31.6,95
203096.08,4,unique,False,171,95.16,11.64,34.2,95
203143.46,4,unique,False,200,95.2,11.63,40.0,95
203202.99,4,unique,False,338,95.0,11.21,67.60000000000001,95
203263.3,4,unique,False,341,95.08,11.24,68.2,95
203320.87,4,unique,False,330,95.12,11.18,66.0,95
203378.62,4,unique,False,328,95.0,11.19,65.60000000000001,95
203437.11,4,unique,False,341,95.08,11.15,68.2,95
203471.62,4,unique,False,152,90.08,11.33,30.400000000000002,90
203525.63,4,unique,False,315,90.36,11.1,63.0,90
203556.93,4,unique,False,133,90.08,11.48,26.6,90
203612.49,4,unique,False,317,90.0,11.07,63.400000000000006,90
203667.25,4,unique,False,319,90.36,11.14,63.800000000000004,90
203705.92,4,unique,False,174,90.2,11.57,34.800000000000004,90
203771.84,4,unique,False,320,90.08,11.15,64.0,90
203830.5,4,unique,False,322,90.08,11.09,64.4,90
203868.93,4,unique,False,151,90.44,11.66,30.200000000000003,90
203933.81,4,unique,False,320,90.04,11.14,64.0,90
204057.65,5,unique,False,384,99.0,14.8,76.80000000000001,99
204108.41,5,unique,False,171,99.0,14.31,34.2,99
204175.46,5,unique,False,179,99.04,14.04,35.800000000000004,99
204241.46,5,unique,False,218,99.0,14.39,43.6,99
204390.64,5,unique,False,438,99.08,14.58,87.60000000000001,99
204526.27,5,unique,False,401,99.0,14.71,80.2,99
204643.89,5,unique,False,345,99.08,14.76,69.0,99
204696.68,5,unique,False,168,99.0,14.38,33.6,99
204781.01,5,unique,False,254,99.0,14.23,50.800000000000004,99
204871.46,5,unique,False,271,99.0,14.49,54.2,99
204930.12,5,unique,False,184,97.12,14.34,36.800000000000004,97
204975.15,5,unique,False,142,97.0,14.12,28.400000000000002,97
205021.67,5,unique,False,135,97.08,14.19,27.0,97
205067.27,5,unique,False,166,97.0,14.05,33.2,97
205110.82,5,unique,False,139,97.0,14.29,27.8,97
205163.2,5,unique,False,145,97.2,14.17,29.0,97
205206.2,5,unique,False,137,97.0,14.18,27.400000000000002,97
205251.58,5,unique,False,149,97.08,14.15,29.8,97
205299.27,5,unique,False,157,97.04,14.32,31.400000000000002,97
205346.42,5,unique,False,153,97.0,14.34,30.6,97
205388.31,5,unique,False,142,95.0,14.23,28.400000000000002,95
205428.49,5,unique,False,121,95.32,14.0,24.200000000000003,95
205471.31,5,unique,False,136,95.0,14.24,27.200000000000003,95
205518.24,5,unique,False,155,95.08,14.11,31.0,95
205573.26,5,unique,False,147,95.08,14.17,29.400000000000002,95
205613.64,5,unique,False,146,95.16,14.25,29.200000000000003,95
205660.58,5,unique,False,155,95.08,14.35,31.0,95
205699.53,5,unique,False,128,95.04,14.06,25.6,95
205741.05,5,unique,False,135,95.12,14.07,27.0,95
205786.68,5,unique,False,129,95.08,14.1,25.8,95
205823.67,5,unique,False,115,90.08,13.95,23.0,90
205855.84,5,unique,False,100,90.0,13.84,20.0,90
205889.02,5,unique,False,109,90.04,14.09,21.8,90
205928.02,5,unique,False,131,90.08,14.1,26.200000000000003,90
205965.42,5,unique,False,123,90.16,14.16,24.6,90
206002.84,5,unique,False,122,90.12,14.03,24.400000000000002,90
206038.62,5,unique,False,122,90.16,13.8,24.400000000000002,90
206076.19,5,unique,False,122,90.28,13.91,24.400000000000002,90
206112.56,5,unique,False,120,90.28,13.94,24.0,90
206148.19,5,unique,False,118,90.0,13.85,23.6,90
206294.86,6,unique,False,338,99.0,17.19,67.60000000000001,99
206351.36,6,unique,False,151,99.08,16.8,30.200000000000003,99
206477.34,6,unique,False,310,99.04,17.18,62.0,99
206552.68,6,unique,False,197,99.0,17.08,39.400000000000006,99
206749.67,6,unique,False,450,99.0,17.4,90.0,99
206859.46,6,unique,False,314,99.0,17.29,62.800000000000004,99
207048.54,6,unique,False,474,99.0,17.46,94.80000000000001,99
207199.25,6,unique,False,342,99.0,17.53,68.4,99
207336.7,6,unique,False,282,99.08,17.48,56.400000000000006,99
207461.87,6,unique,False,301,99.0,17.41,60.2,99
207536.81,6,unique,False,158,97.0,16.81,31.6,97
207586.7,6,unique,False,116,97.0,17.17,23.200000000000003,97
207639.26,6,unique,False,131,97.0,16.6,26.200000000000003,97
207693.47,6,unique,False,137,97.08,16.86,27.400000000000002,97
207740.2,6,unique,False,114,97.04,16.69,22.8,97
207784.36,6,unique,False,110,97.04,16.79,22.0,97
207832.53,6,unique,False,126,97.24,16.81,25.200000000000003,97
207882.07,6,unique,False,126,97.12,16.96,25.200000000000003,97
207934.56,6,unique,False,120,97.0,17.01,24.0,97
207999.36,6,unique,False,139,97.04,17.07,27.8,97
208040.86,6,unique,False,103,95.28,16.56,20.6,95
208080.67,6,unique,False,101,95.12,16.65,20.200000000000003,95
208139.83,6,unique,False,118,95.24,16.58,23.6,95
208184.78,6,unique,False,108,95.12,16.44,21.6,95
208230.17,6,unique,False,116,95.08,16.88,23.200000000000003,95
208273.19,6,unique,False,110,95.28,16.3,22.0,95
208322.87,6,unique,False,104,95.0,16.66,20.8,95
208367.27,6,unique,False,117,95.0,16.99,23.400000000000002,95
208413.32,6,unique,False,115,95.0,16.75,23.0,95
208460.83,6,unique,False,102,95.2,16.64,20.400000000000002,95
208494.88,6,unique,False,89,90.48,16.14,17.8,90
208530.6,6,unique,False,85,90.32,16.41,17.0,90
208587.97,6,unique,False,117,90.12,16.65,23.400000000000002,90
208623.13,6,unique,False,84,90.16,16.46,16.8,90
208658.72,6,unique,False,90,90.24,16.36,18.0,90
208703.0,6,unique,False,93,90.08,16.58,18.6,90
208739.98,6,unique,False,93,90.36,16.55,18.6,90
208774.06,6,unique,False,85,90.24,16.13,17.0,90
208806.27,6,unique,False,79,90.0,16.46,15.8,90
208844.25,6,unique,False,98,90.08,16.24,19.6,90
242901.15,2,unique,False,438,98.08,5.79,87.60000000000001,98
242950.93,2,unique,False,357,98.12,5.98,71.4,98
243017.53,2,unique,False,479,98.0,6.05,95.80000000000001,98
243075.74,2,unique,False,403,98.0,6.01,80.60000000000001,98
243155.04,2,unique,False,549,98.04,6.05,109.80000000000001,98
243215.65,2,unique,False,432,98.0,6.01,86.4,98
243267.15,2,unique,False,375,98.04,6.06,75.0,98
243326.05,2,unique,False,396,98.12,5.95,79.2,98
243377.97,2,unique,False,434,98.0,5.79,86.80000000000001,98
243419.87,2,unique,False,315,98.04,5.98,63.0,98
243470.2,3,unique,False,214,98.0,8.89,42.800000000000004,98
243558.41,3,unique,False,344,98.0,9.01,68.8,98
243626.77,3,unique,False,369,98.32,8.53,73.8,98
243703.73,3,unique,False,383,98.0,8.57,76.60000000000001,98
243769.74,3,unique,False,387,98.16,8.57,77.4,98
243838.06,3,unique,False,387,98.04,8.56,77.4,98
243885.94,3,unique,False,256,98.04,8.89,51.2,98
243950.15,3,unique,False,315,98.0,8.92,63.0,98
244015.45,3,unique,False,333,98.0,8.96,66.60000000000001,98
244075.61,3,unique,False,393,98.08,8.55,78.60000000000001,98
244123.6,4,unique,False,179,98.0,11.54,35.800000000000004,98
244173.39,4,unique,False,209,98.04,11.77,41.800000000000004,98
244271.25,4,unique,False,385,98.04,11.38,77.0,98
244319.31,4,unique,False,176,98.36,11.51,35.2,98
244367.07,4,unique,False,211,98.04,11.68,42.2,98
244434.38,4,unique,False,339,98.12,11.25,67.8,98
244510.79,4,unique,False,381,98.0,11.36,76.2,98
244585.96,4,unique,False,358,98.08,11.29,71.60000000000001,98
244657.97,4,unique,False,356,98.12,11.32,71.2,98
244738.4,4,unique,False,379,98.16,11.34,75.8,98
244791.69,5,unique,False,146,98.12,14.15,29.200000000000003,98
244844.01,5,unique,False,156,98.04,14.48,31.200000000000003,98
244899.18,5,unique,False,155,98.08,14.2,31.0,98
244968.25,5,unique,False,184,98.04,14.33,36.800000000000004,98
245033.62,5,unique,False,148,98.08,14.06,29.6,98
245088.82,5,unique,False,169,98.0,14.43,33.800000000000004,98
245144.12,5,unique,False,153,98.0,14.23,30.6,98
245200.01,5,unique,False,175,98.24,14.27,35.0,98
245261.1,5,unique,False,173,98.0,14.33,34.6,98
245326.23,5,unique,False,165,98.12,14.16,33.0,98
245423.88,6,unique,False,210,98.0,17.25,42.0,98
245542.09,6,unique,False,245,98.04,17.4,49.0,98
245619.87,6,unique,False,157,98.16,17.04,31.400000000000002,98
245713.02,6,unique,False,158,98.0,16.48,31.6,98
245797.83,6,unique,False,174,98.0,16.73,34.800000000000004,98
245855.87,6,unique,False,129,98.0,16.99,25.8,98
245922.41,6,unique,False,145,98.0,16.94,29.0,98
245986.37,6,unique,False,141,98.0,17.03,28.200000000000003,98
246077.54,6,unique,False,168,98.04,17.21,33.6,98
246177.46,6,unique,False,208,98.0,17.23,41.6,98
